id,saleprice
2658,128881.54807696163
2718,160710.57810294197
2414,228765.0193978345
1989,110636.45198032334
625,189283.20945726498
333,77756.95071386643
1327,98427.39454460038
858,160262.28322723895
95,179613.77750462698
1568,166675.84298692612
2482,144931.68539819
1364,122854.40948492587
2584,147989.96603774806
818,268346.19014751056
2673,156296.64902554284
2089,122398.01510514415
1297,143658.20389013493
790,115545.83083400935
2616,191099.69546914953
720,193732.87917258512
222,159727.72253106453
557,124795.70809603175
1148,175156.05204590716
2766,171734.82034111518
534,182278.2528976449
1452,122912.10864842031
630,126549.35757069834
2648,128666.56148316368
125,169779.71288380335
1904,31718.37199632096
1670,96673.48410705973
756,99176.83535679984
717,242515.2289125701
1032,156239.1426374651
852,224070.12203077524
1731,176505.58747778513
2639,108549.44423265647
2071,78944.93767652498
1267,147290.44104071916
1851,199787.35114684014
567,171210.0623138466
2439,209055.204725072
1898,153596.82278411262
647,168400.38513694954
2256,214946.1671831807
979,87135.63435461932
1444,224525.64050337597
2485,122404.68254002855
157,131336.17477080034
88,116257.86974239259
2003,99634.23237284453
186,214560.4833156951
1425,241093.85815612687
2695,121995.18729752708
738,108226.146626286
395,162817.24967192364
1353,163609.16309091312
1878,145465.92282523867
390,160243.11587221338
1456,231351.47587304987
1103,319440.84283584374
1387,121546.97777467385
2070,147424.41424914682
1199,164093.98898324167
2479,180076.03931085035
501,321132.60560579423
2362,85219.59004582468
1718,228266.800207882
2188,83678.04265566613
1483,161020.84375813595
2557,87986.4728544227
437,354204.4313738508
2224,201505.3959780511
1628,184438.69126391213
397,139785.63598161982
587,190062.0842224674
2182,496858.7856306349
971,149588.6498125598
2611,138038.70842483878
1887,94232.52538979906
2399,368504.1385567187
2148,202405.5706896878
304,128023.68045568044
1997,139008.87196032514
2817,111281.44356908316
1431,207497.537224999
427,343672.5049721562
263,128766.02168391555
598,178303.13500872496
2895,233281.0945293067
687,143499.62229631032
1822,132772.2670708881
2191,88922.12626550242
179,110951.84124433693
1009,243631.8437836188
2010,121355.27744752214
1991,145071.8639728584
1411,211625.81011064607
1721,241080.01764951367
1144,193583.16319277123
593,217424.657067721
575,310627.250999155
1249,173535.87652210396
1604,123085.51214244115
1064,383073.11856584233
1923,151336.24933974506
1988,118371.39844027413
2325,171963.86685718043
114,193613.16675934236
2700,162666.35426398023
217,123657.21176715533
343,185896.45311022375
386,224379.41948282364
2005,105058.33777012392
2908,126119.34912836834
1814,242529.76612383153
2446,441630.44051524135
208,148244.56402438768
1679,99298.32221907261
822,310189.6826847011
6,192171.36408127876
1781,367362.3344691971
2397,316487.8566800448
2340,314925.1873046657
1618,167653.7974929108
2843,152946.55746002987
1061,358132.1527555018
2786,124577.02514661511
1935,130983.16797043542
1341,118201.85225777989
521,261089.61051027005
2136,136917.55132351583
996,201276.0060620609
227,138184.5255310448
135,171516.6261288747
1167,155855.1016493925
294,228180.63039848435
1776,208813.13021549766
540,173494.5367287445
1717,237533.49785396142
2303,124781.00834684377
116,191689.0672551258
127,149514.8668136608
1371,126740.0038909113
1014,146108.63361155888
1507,97995.89138539054
702,136417.8035592005
750,144372.26455667292
261,148182.59584270933
1559,67782.00665037734
577,216540.5044724016
2812,194405.52672870568
2080,155455.01780659083
1368,108095.65719548627
2376,121367.77779255423
659,122506.35416452578
1235,135014.8398348648
332,65316.83122894919
1917,144435.7094326771
2094,237396.20017296114
1460,257093.30657080043
1471,223490.0657241922
1509,108333.31200129185
1922,124273.05586839204
433,442484.87242907996
460,275324.0307401547
1116,237945.67412729276
1137,163196.50620099722
53,165365.85979958958
2354,264043.9032932326
1475,199044.0971242282
1761,393842.64186909184
842,134706.97002763706
2739,166492.63559367618
2509,155604.85522725922
1007,210655.25972070216
2610,187664.13955725756
1952,94733.41250883913
2719,161028.63759321434
2921,73996.66757742371
1966,138808.01151774605
292,121316.063812674
1204,190517.56050070148
1829,258578.7475852499
2419,196533.44267577928
391,154748.07728363297
798,113428.55997884712
481,207158.42564894175
193,196550.66067319064
555,122770.8389974591
899,52000.86331299714
2357,187743.61720180602
328,135072.9642170564
1356,108988.12290176892
1154,106203.94083572357
1730,188290.79588763556
2249,171454.4573542055
1119,290510.57000820246
2856,143466.26912753703
1394,123814.31957155281
2587,120548.04798217339
61,318257.79119292094
2661,170910.55681323557
2711,126921.1500365492
1147,181210.40519781833
757,126511.92481662275
2623,94203.97799534239
2378,133468.39189770902
1413,141177.65523714988
1722,232200.66689698
1112,227842.2126076182
1623,189066.47581134865
1201,200129.40552616422
1513,106718.4196855539
957,341945.7266338692
1171,251366.35360776196
1145,194847.503533523
2726,221270.17674829217
703,140653.2208203882
760,125672.90091785623
1964,149421.74742185982
2512,193714.21764253455
159,133114.135972288
1281,175379.81926707525
468,195714.95180835394
290,137125.53143902268
665,108236.69051146625
1463,245260.55711735017
1792,226172.773398662
923,159431.1291675398
500,285159.9150353827
1408,164029.85545714016
331,80264.26671822056
170,140844.81996345162
2192,87895.9686542996
2571,215208.21094744216
2314,166428.99693985182
2647,92879.66282176384
422,394052.77744743135
2457,327192.0506779555
1838,188651.48215876197
2805,246837.72356661697
1645,156793.9905446251
1711,313980.26594890293
2825,229844.20339548797
322,306542.3177357211
2103,257324.1408311165
342,117907.01361331219
600,122411.15383666844
488,169761.49484746065
1725,305375.9204221937
2246,287486.50077539065
2847,143537.05974934832
806,230916.16599050106
530,233367.07717400233
963,190198.53768287975
2678,100371.82953405571
171,77221.66992016172
2401,406892.1239173913
805,222746.1321238059
2259,261216.6727593039
1748,198722.5885439542
1361,140084.9517070966
1677,103275.29478103422
1406,168070.24521190525
2322,234416.64241705206
688,152307.9854582864
143,142364.29005951653
804,211072.44547173323
1214,161203.35127554584
2828,151211.30202170688
1999,199129.78234800286
2467,206931.1663363668
2665,172697.37949830428
1538,343236.8411596607
398,118601.25432705878
2822,136546.82926423024
2157,149987.97951471742
1856,199742.34098315303
1269,107017.24228313884
2570,110693.13472634651
2320,227881.32538361166
1517,126595.86105284604
2304,115293.28960625868
1312,91685.30321461879
2012,133807.56964261222
506,256968.66770866828
2865,215367.54790637607
2367,94183.55811617007
554,83298.77740074432
238,133213.27126825647
1954,107788.78782923306
2488,134412.36785516815
2291,66152.98280634674
1969,97168.72253753008
2725,168342.47245346935
1482,155962.82055807064
2763,209085.4307234445
503,271265.32215333445
1584,253071.86149877746
1531,151186.92750059662
2210,178790.15463964673
459,323773.883720318
556,129317.82879917824
1347,136534.97056696325
1290,72380.81860511782
1388,97621.1069814729
1571,284468.4706461044
2754,213202.6544661053
765,136227.9846784771
2494,120535.79842686748
2870,232510.5365461891
7,247398.6754207196
1114,243211.51201535796
2418,275596.7960822319
291,137867.94565409442
18,367876.91231414175
39,381169.14104300726
1001,282977.13608458114
2442,231956.00512626913
616,126210.04087439767
2680,68993.68611834291
1414,117907.7007443994
289,145770.37321914005
40,273252.48567791685
860,136988.62909155482
409,118431.70520098144
673,156529.53496329265
2427,180783.24322953992
2036,218971.634268596
2564,137248.15186126909
642,159610.30018659765
1008,183970.79230685713
1908,135618.63923567272
2519,189900.34055687254
1369,94625.2351063917
2855,173940.82425800027
712,101921.85206024915
1943,113873.49932457569
1958,130627.04531824001
107,170225.27256904045
2295,211181.28384960716
704,99852.94717120423
676,147832.22975696402
259,179408.7947388485
93,290180.16607846174
106,245030.61120728136
2315,168845.75208131282
1050,100107.2053051638
1095,217800.45853519204
2709,158501.4731919148
758,143582.52219166243
1496,162114.52562940985
2370,108591.02712316015
2458,287295.14182136796
2733,139084.4525683306
161,263466.72133531177
726,149007.26976590595
845,216137.68196246348
947,244440.24579615594
2232,105871.58409838195
2563,137494.52328104642
2299,150398.87813456106
211,68699.17677980468
605,160480.12436706724
1478,204236.05308877502
2247,278177.96545478905
2274,235764.85180002503
2869,228971.87080343795
967,211678.53917320748
2656,112828.27671010558
667,196160.29555646065
1042,103112.70858147324
2023,160580.16304237983
2447,371300.8070830249
2055,130040.39538636766
2275,277294.58524332155
2204,182359.44748518983
1563,273170.7261105604
483,231884.85001132762
796,122185.89518355255
1526,157139.31068714257
2042,129020.72702645956
442,347565.61662594316
1693,333521.01009542844
1468,223422.86172430802
1430,205231.8940361325
2605,158342.8614416237
1529,213110.3992722335
335,139931.22750285617
1287,115197.99111193852
31,86702.44471527718
1785,317672.9636675756
82,165927.19643593702
2620,131512.63556659382
252,177623.29167763473
721,69675.17719113982
2165,193386.0565727467
2316,189777.19434629753
775,136721.9394297582
1558,86867.33156508293
17,226273.6580455806
1022,238579.96160867298
925,137996.46551768167
438,293317.24399271567
1270,125062.26628575832
1272,114354.15658362814
215,145850.78198032934
266,231812.18660771928
2402,307340.19517477683
1250,134949.93584645743
1984,120678.6349759739
1279,148848.07046237224
377,248221.7412398688
1252,125387.86912492439
2156,254132.00294061948
499,331023.58385294105
1374,118214.29427956977
2898,226524.10945453218
401,112117.22882436513
2721,156178.10355189952
2078,251267.23551946698
2589,122648.43555182379
1946,229750.55694957485
1334,122683.8277570676
2781,220689.25994768064
431,383702.5829988668
576,196400.68401877722
1474,211761.76892958174
2254,141100.86233656184
2155,278783.64722872776
885,103796.68641698602
643,145849.60759940627
1944,120049.20105964263
480,206337.74562977714
2845,102160.71170610296
2387,330518.4174030039
2407,224041.5023381836
2527,167524.31416886344
2514,155212.51847678417
629,139802.35507562142
80,203891.1261527103
1876,136936.09060849703
1546,113340.10969664755
2518,188145.90375271987
2347,164219.384775608
783,229237.5708957272
1322,25642.511421996285
194,96827.94133865484
1770,300187.2596916009
2143,145069.80501269992
1229,236700.44168470456
511,278429.87809400796
46,247444.70914488292
1348,148073.75964647598
2465,207881.7263392586
387,237916.7879002281
873,236212.73648078417
1918,114478.06807979687
2764,234523.02216925303
2184,116086.5586672316
934,148048.95962763208
1920,120788.80035034209
2631,144085.9988887723
1768,475740.7227083047
2040,118600.65207429456
1749,224652.6464589435
834,238328.74121589374
1457,225023.16630586406
79,106603.00731327207
2302,127049.95749441063
1817,149005.81403193244
2755,240358.82478507512
359,176306.63580371087
2059,105482.34138461812
2092,239934.30449319465
2516,222873.19599670768
150,108112.53028219484
1656,148322.14699429434
83,90838.85946003905
2411,195794.07759300518
795,72539.89286119313
2312,212495.82878076157
2917,114966.81564837892
1624,182277.16355889343
2215,284298.3886371502
1211,151445.8675506546
1485,165147.64209044463
1024,182888.06505605165
570,188006.63708585204
2874,145376.65082244738
700,130388.82351819894
2756,215968.89228944146
2022,166426.87033022323
583,216255.0386000799
2392,367162.6248643474
2424,175545.59426217695
212,100427.69259065526
736,122910.63404946603
1610,179508.34916036838
890,108661.8883891354
467,182985.8646441296
578,238739.3336508565
1747,201833.6289186798
1149,146687.10698780016
2758,250116.16955839389
857,141659.36185111682
2219,267626.53652274876
733,96056.84338335277
2909,111947.40963307313
1798,258651.05632691793
235,109374.49795791338
2366,119665.61051176404
1027,129538.10993887337
1195,145767.5356428187
1303,38982.66807636261
148,193443.02037684343
608,160382.27951726672
2515,209648.88938220503
821,267217.8663280314
2500,276641.7709928153
745,101614.55479262541
741,128185.4388045792
1611,123374.7412190006
2532,122841.59064232546
1081,227860.6386868008
1692,411238.6345727837
2520,182113.63630081087
276,118041.60426699718
1992,138906.18750725134
663,39724.71814904775
418,108056.24269091696
1733,210282.07270219843
2359,147788.48325140623
253,185887.0089576546
1518,195852.0840065619
2035,150252.49927549448
2919,64342.56367248077
1540,245260.11798838945
2120,138676.90973436885
1674,162418.63324439878
256,144198.09025934525
2361,96997.81572375946
978,77236.30021960994
2280,129828.87220276656
2095,236177.62180600158
1709,338863.53232717206
2801,243025.67537307183
1246,120292.27869386639
2373,86529.10369966389
1055,307397.60999727267
2017,131517.3097702448
1099,290551.5039122335
1344,81131.4249317759
835,215365.8112259502
1117,230030.72990251216
2043,89759.50039673803
2085,104014.41497361322
410,144294.0915903421
2650,111788.27711140145
2867,177795.27818790358
1668,107522.25058389544
1161,162724.1427238185
2122,179275.6868512011
2539,142408.25347321143
1047,137365.34665522847
1445,139551.93588222304
541,127554.00092684443
569,206056.83380747645
1276,118232.80101401641
918,173677.86342850595
326,161146.03676789178
1936,131427.56915111074
895,87910.94597999762
257,145519.82054126784
1241,180412.3857709291
1545,122792.9257231227
1189,182719.51033111964
270,149792.60353341745
2066,184403.8578208734
693,103942.39506894053
1259,143714.07756106628
2916,161927.25309143137
2321,288739.9628542853
1977,98257.20220791441
1895,146754.67894495057
1240,179164.32600166046
85,151672.47424485435
1823,119017.79379766394
825,280361.6216728177
110,234191.9314324117
697,130294.66212959198
2297,113981.36254802284
1231,136535.0163529262
1355,127784.72191593889
968,325710.65632611734
584,221232.8093403472
1315,141883.182242158
1606,133330.07187520317
206,111533.0288916895
1685,375038.9930615487
2016,125956.77095394995
869,204657.01926744444
2135,124894.5653038224
2346,183131.99155014777
2430,231498.48514766752
2198,91922.20125365845
2652,134835.58682295942
27,118467.03794537499
241,164543.09462863748
906,124550.17040219769
1506,112396.1218678443
2098,335534.15221592155
1435,225644.91820753887
2213,153548.28029479642
1274,134246.07356593138
743,19307.408601369127
1737,213219.81505887964
2797,274518.91538047505
2185,60842.60478632117
58,173734.85575101725
830,210178.6609952053
808,119678.43830684962
680,140995.65097101507
1153,112470.25484451749
1291,146100.8064543844
1818,161120.29844025933
2161,193142.37300019473
1883,121458.58655283907
350,341976.9470892505
2473,149383.41800234132
295,188200.6779304511
293,195949.95276070264
859,134040.20584907243
288,63493.84045701173
1578,148516.2329492387
102,194942.99861928215
2831,135362.6024480989
1030,150473.54092090356
2551,143654.58531514867
1286,145469.64818228636
958,298140.77589645714
776,130234.42812504535
72,243537.96489452347
2263,254064.7711956331
1866,147846.90906293204
2876,67306.55036834662
2146,238405.47290541715
103,187282.1096390439
1500,140039.1197916287
492,172432.5474215303
167,137939.55481325823
2597,114824.08138059035
2685,106111.80512588864
1035,164832.91383171818
1220,64478.52949040836
2602,154986.29378944746
2159,210680.71236596885
695,149058.10281122755
1109,277408.0741391274
640,174780.24917970752
1652,152174.66265605984
2090,130737.2388142797
1188,180987.75400796064
2345,225651.372860787
1059,388325.2014244746
2751,223098.64506332375
128,207698.43931970323
1523,188490.99320887716
2925,172907.4673953301
2145,268832.2520139453
1121,227976.93769009036
566,243138.16200881897
565,261219.57079735404
1331,135247.34888347596
2928,115903.57042555377
156,133553.16837670858
797,135260.93441037106
327,78831.36762049011
2859,145566.41277003352
1453,121128.64055815864
1762,338639.39407236315
1868,218691.80795946487
1760,173506.1098403828
1113,239028.39117730723
1812,195232.47695829178
117,156426.35133229298
1142,205950.38422647535
2342,406960.2237645282
927,149732.925153038
2478,168927.87973346064
655,70366.04985805569
2064,129488.36118126186
369,308195.93842426606
2239,118632.26616931646
2732,217989.4021898316
1653,171031.18943911025
959,211618.78474944353
2395,355462.3038824112
1412,103089.78199373328
271,254307.73528462963
1484,158152.2316239772
1497,150805.339665375
552,150209.32715491523
2,121082.81061496248
1855,297008.9800272925
4,260482.74162705668
2292,152154.6301621023
134,134298.41013300593
646,99812.73246762632
42,314077.20562712237
532,227462.90898320117
713,88897.64379466319
2561,131964.14864658922
2360,137224.95618149277
1333,120984.93555525519
1407,221962.91953451306
2892,300396.7403117545
574,216707.27689461125
1227,201783.35523919677
2591,221952.3695675227
1476,219502.53781735568
1125,260750.64745868804
1446,142757.54390271127
408,111014.17989231777
1101,308335.19077406655
2251,198950.55305086542
373,187600.27638421662
2554,127039.24181992124
2382,284355.1095653444
1985,84209.86149584016
519,243498.12004928367
1093,183711.6455461223
864,249567.4956469074
2889,148959.3599917658
2308,188718.21934356735
986,153167.67418165662
1302,144026.0633243755
585,152245.28279405014
2708,143224.3039817903
147,131362.75642160425
1441,227901.58377479378
383,191472.81482720337
285,154751.67663973663
181,100959.82919411587
358,195927.36323367123
780,178085.07950023466
258,184322.44871904404
1865,209726.6731190344
692,115339.35337553114
2902,317132.174742343
508,242201.88201410655
2638,139237.60337293384
36,133625.03758015833
611,174514.22706051174
2281,144903.79196136765
1678,116058.69688654481
1696,422496.8853282033
1557,74132.68437470205
2180,143995.57541712333
1726,242690.6409154255
951,151334.97222260086
267,223395.36769128128
2706,131321.38679258895
2221,254103.62677553776
1357,162479.67292769434
2901,297769.2781555522
347,174919.71456643663
2164,208708.2137433819
1586,296916.42291445355
360,154741.6717055746
1769,264604.8580677644
2617,188167.79685125535
1879,135928.11029466768
991,223703.05281591893
1535,120381.60596901624
1191,137475.67350413586
1579,219574.8664155921
1882,5152.065380484244
1510,123445.00465083109
2196,160985.63200166036
1845,183089.33347376983
2336,393409.69599150034
942,92995.61132823743
861,125683.7619874792
2555,118283.59751955167
1392,159324.13319419982
2099,257772.05737948266
1543,116973.04743799519
948,271348.77208932274
1239,182601.35508759035
22,196639.3984882574
2796,231957.0908631725
2747,189596.96453183607
92,291537.71421417204
210,159274.92902875232
1858,201041.54742867668
2228,155234.38483250572
447,252553.0304354604
827,238553.90393503816
1649,211167.68505287066
682,132730.85340857072
2698,117330.36830372541
494,164762.36543815729
214,101697.66196893156
2441,250359.48089690326
2679,118334.79380076335
1336,113779.68608819245
465,185411.60426522652
1524,168064.2356566768
2543,114420.77408656816
631,148440.13119765924
2452,322848.36970202345
228,168836.24015370628
126,167324.27776257796
1092,248239.02880161392
1122,213054.71767439478
932,228092.19383372623
1980,92807.32424671027
2171,104179.42628780066
551,155406.95106306567
2768,173112.48871880423
2056,105538.2106147738
1159,350504.63964130124
2645,123564.15362358053
1174,183094.67849484563
2266,218542.1650289282
2462,340363.8753100692
1219,144265.4478285358
2922,183792.61679061485
118,148871.84908842423
474,161957.44087505928
2576,149339.30527407525
872,275298.3054790937
1077,232370.10834846867
1536,164700.27441314346
1150,122532.08607526922
2341,355126.8342288979
1931,157052.817992897
2785,136745.79786892005
2538,126813.68194846326
597,213721.9997006561
464,211934.4652389348
233,253768.75007288303
2169,135789.5143876779
2123,172242.78061235108
1867,171873.13878886076
137,247208.01158057916
515,239018.84949932614
933,104597.86739097703
2784,165552.3174777403
972,154214.8730601004
599,164219.6467381529
2614,136877.2691906606
2582,145278.67138856056
1409,172962.24830579967
175,105756.70719843455
352,251351.81983103813
976,99130.76586526692
2134,194715.92567625773
984,110822.47383010897
2396,352513.84618742333
1673,123031.08697953286
404,110207.87450758179
607,175274.97114136393
814,166474.53772179817
868,192289.2324982951
2271,186718.66841454306
1633,266965.8219552511
337,165502.57436982167
2765,187046.86613696974
1746,253072.53948405606
368,345983.9862836574
2806,207447.0555625567
1662,175760.11268810093
1234,219360.0282045181
1373,127319.70797802656
1672,107835.79802783926
1939,125174.68327410736
